[plant]
theta_init = 3.3161255787892263
b_trans = 0.5
Ic = 0.1
b_rot = 0.5
R = 0.1
M = 1.0
g = 9.81
Iw = 0.01
m = 0.1
x_init = 0.1
L = 0.5

[outer_controller]
N = nan
Ti = 2.647637955041294
k = 0.521285185973468
Td = 0.0

[inner_controller]
N = 49.7008351907242
Ti = +inf
k = 10.190298383419501
Td = 0.20029899300324452
