[plant]
theta_init = 3.141592653589793
b_trans = 0.5
Ic = 0.1
b_rot = 0.1
R = 0.1
M = 1.0
g = 9.81
Iw = 0.01
m = 0.1
x_init = 0.1
L = 0.5

[outer_controller]
N = 10.034838092742966
Ti = 0.7487976069246823
k = 0.46639398995961995
Td = 0.039281053338817006

[inner_controller]
N = 51.205983614203156
Ti = +inf
k = 9.827179911300629
Td = 0.23675001949863328
