[plant]
theta_init = 3.141592653589793
b_trans = 0.5
Ic = 0.1
b_rot = 0.1
R = 0.1
M = 1.0
g = 9.81
Iw = 0.01
m = 0.1
x_init = 0.1
L = 0.5

[outer_controller]
N = nan
Ti = 4.38211256370785
k = 0.3767328397378268
Td = 0.0

[inner_controller]
N = 51.205983614203156
Ti = +inf
k = 9.827179911300629
Td = 0.23675001949863328
